7 179769313
7 1797693134862315708
7 17976931348623157081452742373
7 179769313486231570814527423731704356798
7 1797693134862315708145274237317043567980705675258
7 17976931348623157081452742373170435679807056752584499659891
7 179769313486231570814527423731704356798070567525844996598917476803157
7 1797693134862315708145274237317043567980705675258449965989174768031572607800285
7 17976931348623157081452742373170435679807056752584499659891747680315726078002853876058955
7 179769313486231570814527423731704356798070567525844996598917476803157260780028538760589558632766878
7 1797693134862315708145274237317043567980705675258449965989174768031572607800285387605895586327668781715404589
7 17976931348623157081452742373170435679807056752584499659891747680315726078002853876058955863276687817154045895351438246
7 179769313486231570814527423731704356798070567525844996598917476803157260780028538760589558632766878171540458953514382464234321326
7 1797693134862315708145274237317043567980705675258449965989174768031572607800285387605895586327668781715404589535143824642343213268894641827
7 17976931348623157081452742373170435679807056752584499659891747680315726078002853876058955863276687817154045895351438246423432132688946418276846754670
7 179769313486231570814527423731704356798070567525844996598917476803157260780028538760589558632766878171540458953514382464234321326889464182768467546703537516986
7 1797693134862315708145274237317043567980705675258449965989174768031572607800285387605895586327668781715404589535143824642343213268894641827684675467035375169860499105765
7 17976931348623157081452742373170435679807056752584499659891747680315726078002853876058955863276687817154045895351438246423432132688946418276846754670353751698604991057655128207624
7 179769313486231570814527423731704356798070567525844996598917476803157260780028538760589558632766878171540458953514382464234321326889464182768467546703537516986049910576551282076245490090389
7 1797693134862315708145274237317043567980705675258449965989174768031572607800285387605895586327668781715404589535143824642343213268894641827684675467035375169860499105765512820762454900903893289440758
7 17976931348623157081452742373170435679807056752584499659891747680315726078002853876058955863276687817154045895351438246423432132688946418276846754670353751698604991057655128207624549009038932894407586850845513
7 179769313486231570814527423731704356798070567525844996598917476803157260780028538760589558632766878171540458953514382464234321326889464182768467546703537516986049910576551282076245490090389328944075868508455133942304583
7 1797693134862315708145274237317043567980705675258449965989174768031572607800285387605895586327668781715404589535143824642343213268894641827684675467035375169860499105765512820762454900903893289440758685084551339423045832369032229
7 17976931348623157081452742373170435679807056752584499659891747680315726078002853876058955863276687817154045895351438246423432132688946418276846754670353751698604991057655128207624549009038932894407586850845513394230458323690322294816580855
7 179769313486231570814527423731704356798070567525844996598917476803157260780028538760589558632766878171540458953514382464234321326889464182768467546703537516986049910576551282076245490090389328944075868508455133942304583236903222948165808559332123348
7 1797693134862315708145274237317043567980705675258449965989174768031572607800285387605895586327668781715404589535143824642343213268894641827684675467035375169860499105765512820762454900903893289440758685084551339423045832369032229481658085593321233482747978262
7 17976931348623157081452742373170435679807056752584499659891747680315726078002853876058955863276687817154045895351438246423432132688946418276846754670353751698604991057655128207624549009038932894407586850845513394230458323690322294816580855933212334827479782620414472316
7 179769313486231570814527423731704356798070567525844996598917476803157260780028538760589558632766878171540458953514382464234321326889464182768467546703537516986049910576551282076245490090389328944075868508455133942304583236903222948165808559332123348274797826204144723168738177180
7 1797693134862315708145274237317043567980705675258449965989174768031572607800285387605895586327668781715404589535143824642343213268894641827684675467035375169860499105765512820762454900903893289440758685084551339423045832369032229481658085593321233482747978262041447231687381771809192998812
7 17976931348623157081452742373170435679807056752584499659891747680315726078002853876058955863276687817154045895351438246423432132688946418276846754670353751698604991057655128207624549009038932894407586850845513394230458323690322294816580855933212334827479782620414472316873817718091929988125040402618
7 179769313486231570814527423731704356798070567525844996598917476803157260780028538760589558632766878171540458953514382464234321326889464182768467546703537516986049910576551282076245490090389328944075868508455133942304583236903222948165808559332123348274797826204144723168738177180919299881250404026184124858368
