1258385191
12583851944036209956
125838519440362099570169196611
1258385194403620995701691966121930497586
12583851944036209957016919661219304975864939726806
125838519440362099570169196612193049758649397268091497619237
1258385194403620995701691966121930497586493972680914976192422337622099
12583851944036209957016919661219304975864939726809149761924223376221008254601995
125838519440362099570169196612193049758649397268091497619242233762210082546019977132412685
1258385194403620995701691966121930497586493972680914976192422337622100825460199771324126910429368146
12583851944036209957016919661219304975864939726809149761924223376221008254601997713241269104293681472007832123
125838519440362099570169196612193049758649397268091497619242233762210082546019977132412691042936814720078321267460067722
1258385194403620995701691966121930497586493972680914976192422337622100825460199771324126910429368147200783212674600677249640249282
12583851944036209957016919661219304975864939726809149761924223376221008254601997713241269104293681472007832126746006772496402492882262492789
125838519440362099570169196612193049758649397268091497619242233762210082546019977132412691042936814720078321267460067724964024928822624927937927282690
1258385194403620995701691966121930497586493972680914976192422337622100825460199771324126910429368147200783212674600677249640249288226249279379272826924762618902
12583851944036209957016919661219304975864939726809149761924223376221008254601997713241269104293681472007832126746006772496402492882262492793792728269247626189023493740355
125838519440362099570169196612193049758649397268091497619242233762210082546019977132412691042936814720078321267460067724964024928822624927937927282692476261890234937403585897453368
1258385194403620995701691966121930497586493972680914976192422337622100825460199771324126910429368147200783212674600677249640249288226249279379272826924762618902349374035858974533718430632723
12583851944036209957016919661219304975864939726809149761924223376221008254601997713241269104293681472007832126746006772496402492882262492793792728269247626189023493740358589745337184306327253026085306
125838519440362099570169196612193049758649397268091497619242233762210082546019977132412691042936814720078321267460067724964024928822624927937927282692476261890234937403585897453371843063272530260853107955918591
1258385194403620995701691966121930497586493972680914976192422337622100825460199771324126910429368147200783212674600677249640249288226249279379272826924762618902349374035858974533718430632725302608531079559185937596132081
12583851944036209957016919661219304975864939726809149761924223376221008254601997713241269104293681472007832126746006772496402492882262492793792728269247626189023493740358589745337184306327253026085310795591859375961320826583225603
125838519440362099570169196612193049758649397268091497619242233762210082546019977132412691042936814720078321267460067724964024928822624927937927282692476261890234937403585897453371843063272530260853107955918593759613208265832256063716065985
1258385194403620995701691966121930497586493972680914976192422337622100825460199771324126910429368147200783212674600677249640249288226249279379272826924762618902349374035858974533718430632725302608531079559185937596132082658322560637160659915324863436
12583851944036209957016919661219304975864939726809149761924223376221008254601997713241269104293681472007832126746006772496402492882262492793792728269247626189023493740358589745337184306327253026085310795591859375961320826583225606371606599153248634379235847834
125838519440362099570169196612193049758649397268091497619242233762210082546019977132412691042936814720078321267460067724964024928822624927937927282692476261890234937403585897453371843063272530260853107955918593759613208265832256063716065991532486343792358478342901306212
1258385194403620995701691966121930497586493972680914976192422337622100825460199771324126910429368147200783212674600677249640249288226249279379272826924762618902349374035858974533718430632725302608531079559185937596132082658322560637160659915324863437923584783429013062181167240260
12583851944036209957016919661219304975864939726809149761924223376221008254601997713241269104293681472007832126746006772496402492882262492793792728269247626189023493740358589745337184306327253026085310795591859375961320826583225606371606599153248634379235847834290130621811672402664350991684
125838519440362099570169196612193049758649397268091497619242233762210082546019977132412691042936814720078321267460067724964024928822624927937927282692476261890234937403585897453371843063272530260853107955918593759613208265832256063716065991532486343792358478342901306218116724026643509916875282818326
1258385194403620995701691966121930497586493972680914976192422337622100825460199771324126910429368147200783212674600677249640249288226249279379272826924762618902349374035858974533718430632725302608531079559185937596132082658322560637160659915324863437923584783429013062181167240266435099168752828183288874008576
